Task number | id | input | output
0 4 (4.21775 -0.38685) 0.573043
1 7 (6.2518 -1.47621) 0.0668239
2 12 (4.61226 -0.526385) 0.447225
3 15 (0.333516 1.66136) 0.161334
4 18 (4.8786 -1.29429) 0.128571
5 21 (1.71603 0.603949) 1.38561
6 24 (2.48754 -0.444543) 0.666904
7 27 (5.68989 -1.19519) 0.125171
8 30 (0.915132 -1.61234) 1.15372
9 33 (5.23614 -1.99925) 0.0365186
10 36 (0.937629 -0.384274) 1.02506
11 38 (9.02438 0.166801) 1.44333
12 41 (2.24892 0.0994566) 1.08394
13 44 (4.64133 0.0243313) 1.03805
14 47 (3.392 0.787514) 2.61662
15 50 (7.89574 0.206873) 1.53337
16 53 (0.0688397 -0.845156) 9.59859
17 56 (1.39086 1.92031) 1.88429
18 59 (4.49867 1.90489) 17.541
19 62 (3.56269 -0.270975) 0.708732
20 65 (6.65183 -1.0384) 0.139784
21 68 (5.60948 0.296631) 1.66784
22 71 (9.96645 0.112069) 1.29392
23 74 (3.88701 -0.54117) 0.479642
24 76 (9.32631 1.49795) 28.3517
25 78 (5.43033 -1.82952) 0.04525
26 81 (5.05502 0.304766) 1.63859
27 84 (2.69147 0.991256) 2.66827
28 86 (7.24063 0.66819) 3.754
29 89 (1.94022 1.02515) 1.97283
30 93 (1.62635 -1.94363) 0.38858
31 96 (6.7645 -1.4312) 0.064829
32 99 (8.58657 0.771748) 5.25622
33 102 (0.774984 -0.448937) 1.12125
34 105 (1.17467 -1.25562) 0.816981
35 109 (9.89908 0.188008) 1.53879
36 112 (7.59378 0.202783) 1.50849
37 115 (0.782964 0.0234308) 0.994284
38 118 (6.67579 0.81322) 4.68276
39 121 (1.9916 1.19191) 2.27312
40 124 (6.66858 1.78093) 29.3456
41 128 (5.11837 1.71994) 16.583
42 132 (8.59563 -1.09115) 0.0956225
43 135 (8.12818 -1.49991) 0.0431608
44 138 (1.30362 1.26724) 1.39934
45 141 (5.30424 -0.505962) 0.4299
46 144 (4.34184 0.695385) 2.77606
47 147 (7.27156 -0.959675) 0.148976
48 150 (2.56511 -1.6736) 0.206691
49 153 (0.0960626 1.59864) 0.0236302
50 156 (3.96392 0.29564) 1.50255
51 159 (3.05134 0.0588329) 1.06783
52 162 (3.0325 -0.874195) 0.379151
53 165 (8.9337 1.01073) 9.14602
54 168 (2.36627 -0.6914) 0.55128
55 171 (1.31267 -0.528653) 0.866037
56 174 (2.00945 -1.15746) 0.445863
57 177 (4.66993 0.634759) 2.65981
58 180 (7.17891 1.5724) 22.1855
59 182 (2.05962 1.22407) 2.42157
60 185 (2.82692 -1.42468) 0.227521
61 188 (9.89168 -0.657347) 0.221698
62 191 (6.66812 0.535828) 2.76391
63 194 (1.93001 0.290149) 1.21019
64 197 (1.25836 -1.42109) 0.721385
65 200 (1.27654 -1.56786) 0.681946
66 203 (4.61337 -1.20118) 0.159366
67 206 (6.42418 -0.951429) 0.17038
68 209 (9.75741 -0.0176251) 0.960645
69 212 (0.915025 -0.389413) 1.03519
70 215 (9.62699 0.0105345) 1.02414
71 218 (7.17147 -0.896028) 0.17114
72 221 (8.59124 -0.244955) 0.590471
73 224 (2.64259 0.841473) 2.26531
74 227 (4.98757 0.454541) 2.07596
75 230 (9.21314 1.02692) 9.78059
76 233 (4.89965 -0.677526) 0.340718
77 236 (9.17522 -1.16087) 0.076301
78 239 (9.06954 -1.19644) 0.0715006
79 242 (5.81838 0.904372) 4.91661
80 245 (7.41144 -0.683807) 0.254188
81 248 (9.49682 -1.18209) 0.0698901
82 251 (4.83562 -0.375449) 0.553379
83 254 (4.89284 1.4751) 10.4032
84 257 (8.29945 0.191607) 1.50002
85 260 (4.78428 -0.0897865) 0.868884
86 263 (6.38231 0.822853) 4.59598
87 266 (4.52943 -0.922454) 0.248217
88 269 (5.62873 -1.40884) 0.087658
89 273 (2.47876 -0.612404) 0.573547
90 276 (0.845335 -1.27332) 1.23856
91 279 (1.52341 -0.186829) 0.924367
92 282 (2.80354 1.65529) 5.50915
93 285 (6.20753 1.59613) 18.4332
94 288 (7.35579 -0.86174) 0.179139
95 291 (5.08446 0.0455951) 1.07696
96 294 (5.89531 0.231809) 1.50872
97 296 (5.20238 0.552138) 2.48566
98 298 (7.6936 -0.370684) 0.469381
99 299 (8.58045 1.81573) 49.5457
