Task number | id | input | output
0 0 -8.47939 -0.810724
1 3 -7.84662 -0.999973
2 6 0.0468876 0.0468705
3 9 -3.22184 0.0801658
4 11 3.86351 -0.660825
5 14 5.07431 -0.935218
6 17 -1.20553 -0.934028
7 20 -3.37839 0.234588
8 23 8.80537 0.580553
9 26 7.36539 0.882994
10 29 -9.46612 0.0413326
11 32 -1.48725 -0.996512
12 35 -0.876457 -0.768477
13 39 7.56316 0.95801
14 42 -8.92336 -0.480666
15 45 1.44328 0.99188
16 48 -1.07901 -0.88149
17 51 -5.2721 0.84741
18 54 7.96561 0.993776
19 57 -7.62989 -0.974997
20 60 5.48851 -0.713638
21 63 9.58476 -0.159296
22 66 0.889631 0.77684
23 69 -6.42338 -0.139733
24 72 -5.67097 0.574683
25 75 0.540573 0.514627
26 77 -9.95034 0.501699
27 79 0.272336 0.268982
28 82 1.20577 0.934115
29 85 -8.15631 -0.954645
30 88 2.81982 0.316252
31 91 -4.95413 0.970922
32 94 -2.30805 -0.740319
33 97 -9.82204 0.386893
34 100 4.34846 -0.934506
35 103 7.98126 0.991911
36 106 3.71048 -0.538698
37 108 -5.01965 0.953166
38 111 -6.70933 -0.413363
39 114 4.23661 -0.888937
40 117 -6.9053 -0.582755
41 119 0.929639 0.801404
42 122 -1.48714 -0.996503
43 125 -2.92137 -0.218443
44 127 0.956277 0.817051
45 130 -8.17634 -0.948491
46 133 -5.765 0.495308
47 136 0.11387 0.113624
48 139 -8.58388 -0.745242
49 142 -4.23384 0.887665
50 146 -1.39419 -0.984446
51 148 6.49668 0.211873
52 151 9.6578 -0.230916
53 155 -9.04649 -0.369332
54 157 -0.902399 -0.784816
55 160 -8.36376 -0.872851
56 163 -8.23824 -0.927075
57 166 -0.170616 -0.16979
58 169 -7.11062 -0.736197
59 172 -2.51175 -0.589015
60 175 6.6369 0.346381
61 178 -2.14714 -0.838461
62 181 -7.22174 -0.806704
63 184 -5.1292 0.914386
64 187 -6.99407 -0.652506
65 190 5.39743 -0.774394
66 193 2.83818 0.29878
67 196 -3.25294 0.111112
68 199 -5.41762 0.761464
69 202 1.83949 0.964118
70 205 7.33558 0.868614
71 208 8.42815 0.839642
72 211 -6.98414 -0.644944
73 214 5.34563 -0.806116
74 217 -8.28792 -0.907317
75 220 -6.13979 0.142909
76 223 8.83605 0.555303
77 226 -7.00507 -0.660799
78 229 7.96815 0.99349
79 232 1.98874 0.913924
80 235 2.64255 0.478581
81 238 0.311528 0.306513
82 241 3.17344 -0.0318382
83 244 2.21027 0.80241
84 247 -0.0788922 -0.0788104
85 250 -0.162319 -0.161607
86 253 3.21772 -0.0760537
87 256 5.19934 -0.883765
88 258 -2.25809 -0.772967
89 262 -0.493792 -0.473968
90 265 -0.204136 -0.202721
91 268 -2.48181 -0.612946
92 271 9.70335 -0.274983
93 274 8.77454 0.605374
94 277 9.37818 0.0465846
95 281 -0.589381 -0.555846
96 284 -2.81077 -0.324817
97 287 6.09679 -0.18532
98 290 8.05845 0.979168
99 293 1.86706 0.956435
