Task number | id | input | output
0 1 48.4469 6.96038
1 2 46.3561 6.80853
2 5 48.3741 6.95515
3 8 79.3141 8.90585
4 10 3.61496 1.9013
5 13 8.38974 2.8965
6 16 44.6937 6.68533
7 19 72.7719 8.53065
8 22 1.40421 1.18499
9 25 84.9732 9.21809
10 28 36.063 6.00524
11 31 39.7572 6.30533
12 34 81.962 9.05329
13 37 54.2391 7.36472
14 40 97.1728 9.85763
15 43 26.5862 5.15618
16 46 34.6364 5.88527
17 49 65.9905 8.12346
18 52 65.4263 8.08865
19 55 32.6205 5.71144
20 58 51.5204 7.17777
21 61 27.1964 5.21501
22 64 45.7635 6.76487
23 67 86.4393 9.29727
24 70 46.4456 6.8151
25 73 22.6775 4.76209
26 80 39.8441 6.31221
27 83 65.9176 8.11897
28 87 80.1883 8.95479
29 90 13.8858 3.72636
30 92 48.5541 6.96808
31 95 32.5309 5.70359
32 98 1.12461 1.06047
33 101 10.8948 3.30072
34 104 71.1 8.43208
35 107 28.7091 5.35809
36 110 86.3684 9.29346
37 113 5.32826 2.3083
38 116 94.1949 9.70541
39 120 56.6618 7.5274
40 123 92.4226 9.61367
41 126 78.7777 8.87568
42 129 47.6768 6.90484
43 131 26.1266 5.11142
44 134 16.3689 4.04585
45 137 25.2135 5.0213
46 140 54.7844 7.40165
47 143 70.6998 8.40832
48 145 37.3084 6.10806
49 149 41.4502 6.43818
50 152 53.9977 7.34832
51 154 49.8696 7.06184
52 158 92.4898 9.61716
53 161 73.0192 8.54513
54 164 95.084 9.7511
55 167 5.54612 2.35502
56 170 79.6045 8.92214
57 173 99.319 9.96589
58 176 93.1027 9.64897
59 179 97.3519 9.86671
60 183 85.6721 9.25592
61 186 95.2999 9.76217
62 189 57.8435 7.60549
63 192 85.1688 9.2287
64 195 88.11 9.38669
65 198 52.3117 7.23268
66 201 85.7467 9.25995
67 204 14.9097 3.86131
68 207 72.8056 8.53262
69 210 18.21 4.26732
70 213 25.342 5.03408
71 216 43.8072 6.6187
72 219 80.7716 8.9873
73 222 38.7257 6.223
74 225 14.0018 3.74189
75 228 67.0935 8.19106
76 231 32.4012 5.6922
77 234 12.3691 3.51698
78 237 18.591 4.31173
79 240 92.1833 9.60121
80 243 4.01296 2.00324
81 246 63.5055 7.96903
82 249 86.6444 9.3083
83 252 21.6564 4.65365
84 255 5.19062 2.27829
85 259 62.0373 7.87637
86 261 12.1045 3.47915
87 264 2.4546 1.56672
88 267 83.9408 9.16192
89 270 76.8348 8.76554
90 272 47.3132 6.87846
91 275 25.9832 5.09737
92 278 49.05 7.00357
93 280 69.7809 8.3535
94 283 13.4087 3.66178
95 286 56.1919 7.49613
96 289 52.9573 7.27718
97 292 31.8897 5.64709
98 295 67.7095 8.22858
99 297 54.2583 7.36602
