10.000 10.833 11.667 12.500 13.333 14.167 15.000 15.833 16.667 17.500 18.333 19.167 20.000 
10.833 11.667 12.500 13.333 14.167 15.000 15.833 16.667 17.500 18.333 19.167 20.000 20.833 
11.667 12.500 13.333 14.167 15.000 15.833 16.667 17.500 18.333 19.167 20.000 20.833 21.667 
12.500 13.333 14.167 15.000 15.833 16.667 17.500 18.333 19.167 20.000 20.833 21.667 22.500 
13.333 14.167 15.000 15.833 16.667 17.500 18.333 19.167 20.000 20.833 21.667 22.500 23.333 
14.167 15.000 15.833 16.667 17.500 18.333 19.167 20.000 20.833 21.667 22.500 23.333 24.167 
15.000 15.833 16.667 17.500 18.333 19.167 20.000 20.833 21.667 22.500 23.333 24.167 25.000 
15.833 16.667 17.500 18.333 19.167 20.000 20.833 21.667 22.500 23.333 24.167 25.000 25.833 
16.667 17.500 18.333 19.167 20.000 20.833 21.667 22.500 23.333 24.167 25.000 25.833 26.667 
17.500 18.333 19.167 20.000 20.833 21.667 22.500 23.333 24.167 25.000 25.833 26.667 27.500 
18.333 19.167 20.000 20.833 21.667 22.500 23.333 24.167 25.000 25.833 26.667 27.500 28.333 
19.167 20.000 20.833 21.667 22.500 23.333 24.167 25.000 25.833 26.667 27.500 28.333 29.167 
20.000 20.833 21.667 22.500 23.333 24.167 25.000 25.833 26.667 27.500 28.333 29.167 30.000 
