host:
128 31000 7.53244e-07 0.795776
256 103000 9.91241e-07 11.502
512 340000 9.92435e-07 178.508

multicore:
128 31000 7.53244e-07 1.39506
256 103000 9.91241e-07 9.37078
512 340000 9.92435e-07 32.05
1024 1000000 1.36929e-06 598.652

gpu1:
128 31000 7.53244e-07 1.18203
256 103000 9.91241e-07 4.05959
512 340000 9.92435e-07 30.5618
1024 1000000 1.36929e-06 262.967

gpu2:
128 31000 7.53244e-07 0.673578
256 103000 9.91241e-07 2.12224
512 340000 9.92435e-07 15.9688
1024 1000000 1.36929e-06 134.061

gpu3:
128 32000 7.581e-07 0.485437
256 104000 9.92822e-07 1.46267
512 341000 9.92829e-07 13.5624
128 1000000 1.37589e-06 128.804

gpu_cublas_reduction:
128 31000 7.53244e-07 0.759771
256 103000 9.91241e-07 2.26863
512 340000 9.92435e-07 16.5759
1024 1000000 1.36929e-06 165.194
